# unix_time, cycles_done, cur_path, paths_total, pending_total, pending_favs, map_size, unique_crashes, unique_hangs, max_depth, execs_per_sec
1506967399, 0, 0, 4, 4, 3, 3.59%, 0, 0, 1, 290.91
1506967419, 0, 0, 9, 9, 3, 3.60%, 0, 0, 2, 280.83
1506967429, 0, 0, 11, 11, 3, 3.61%, 0, 0, 2, 217.34
1506967445, 0, 0, 12, 12, 3, 3.61%, 0, 0, 2, 133.30
1506967486, 0, 0, 13, 13, 3, 3.61%, 0, 0, 2, 121.16
1506967521, 0, 0, 14, 14, 3, 3.61%, 0, 0, 2, 122.17
1506967608, 0, 0, 16, 16, 3, 3.61%, 0, 0, 2, 137.01
1506967613, 0, 0, 18, 18, 3, 3.61%, 0, 0, 2, 127.08
1506967618, 0, 0, 19, 19, 3, 3.61%, 0, 0, 2, 124.79
1506967623, 0, 0, 20, 20, 3, 3.61%, 0, 0, 2, 138.65
1506967628, 0, 0, 22, 22, 3, 3.61%, 0, 0, 2, 136.70
1506967634, 0, 0, 23, 23, 3, 3.61%, 0, 0, 2, 138.81
1506967639, 0, 0, 24, 24, 3, 3.61%, 0, 0, 2, 139.35
1506967664, 0, 0, 26, 26, 3, 3.61%, 0, 0, 2, 134.82
1506967675, 0, 0, 27, 27, 3, 3.61%, 0, 0, 2, 134.06
1506967700, 0, 0, 28, 28, 3, 3.61%, 0, 0, 2, 138.06
1506967710, 0, 0, 30, 30, 3, 3.61%, 0, 0, 2, 136.48
1506967751, 0, 0, 31, 31, 3, 3.61%, 0, 0, 2, 138.32
1506967818, 0, 0, 32, 32, 3, 3.61%, 0, 0, 2, 136.04
1506967823, 0, 0, 34, 34, 3, 3.61%, 0, 0, 2, 134.50
1506967833, 0, 0, 39, 39, 3, 3.61%, 0, 0, 2, 142.16
1506967858, 0, 0, 40, 40, 3, 3.61%, 0, 0, 2, 137.93
1506967863, 0, 0, 42, 42, 3, 3.61%, 0, 0, 2, 140.79
1506967874, 0, 0, 43, 43, 3, 3.61%, 0, 0, 2, 142.04
1506967920, 0, 0, 44, 44, 3, 3.61%, 0, 0, 2, 137.53
1506967930, 0, 0, 45, 45, 3, 3.61%, 0, 0, 2, 142.36
1506968079, 0, 0, 46, 46, 3, 3.61%, 0, 0, 2, 144.93
1506968242, 0, 0, 48, 48, 3, 3.61%, 0, 0, 2, 175.76
1506968247, 0, 0, 49, 49, 3, 3.61%, 0, 0, 2, 187.61
1506968253, 0, 0, 53, 53, 3, 3.63%, 0, 0, 2, 173.20
1506968258, 0, 0, 60, 60, 3, 3.64%, 0, 0, 2, 193.99
1506968263, 0, 0, 63, 63, 3, 3.64%, 0, 0, 2, 199.98
1506968268, 0, 0, 64, 64, 3, 3.64%, 0, 0, 2, 208.42
1506968273, 0, 0, 66, 66, 3, 3.64%, 0, 0, 2, 208.06
1506968278, 0, 0, 68, 68, 3, 3.64%, 0, 0, 2, 219.76
1506968293, 0, 0, 69, 69, 3, 3.64%, 0, 0, 2, 212.94
1506968304, 0, 0, 72, 72, 3, 3.64%, 0, 0, 2, 216.39
1506968319, 0, 0, 73, 73, 3, 3.64%, 0, 0, 2, 212.15
1506968334, 0, 0, 74, 74, 3, 3.64%, 0, 0, 2, 209.41
1506968421, 0, 0, 90, 89, 2, 3.75%, 0, 0, 2, 209.42
1506968426, 0, 0, 205, 204, 2, 3.81%, 0, 0, 2, 205.19
1506968431, 0, 0, 252, 251, 2, 3.81%, 0, 0, 2, 150.33
1506968437, 0, 0, 253, 252, 2, 3.81%, 0, 0, 2, 187.04
1506968447, 0, 3, 253, 252, 14, 3.81%, 0, 0, 2, 213.75
1506968797, 0, 15, 253, 251, 13, 3.81%, 0, 0, 2, 219.90
1506969298, 0, 67, 253, 250, 12, 3.81%, 0, 0, 2, 210.87
1506969538, 0, 81, 253, 249, 11, 3.81%, 0, 0, 2, 217.61
1506969543, 0, 82, 253, 248, 10, 3.81%, 0, 0, 2, 210.00
1506969553, 0, 82, 268, 262, 9, 3.81%, 0, 0, 2, 148.81
1506969563, 0, 96, 268, 262, 9, 3.81%, 0, 0, 2, 187.33
1506970074, 0, 113, 268, 261, 8, 3.81%, 0, 0, 2, 164.53
1506970151, 0, 118, 268, 260, 7, 3.81%, 0, 0, 2, 214.70
1506970777, 0, 137, 268, 259, 6, 3.81%, 0, 0, 2, 214.01
1506970787, 0, 139, 268, 258, 5, 3.81%, 0, 0, 2, 151.18
1506970834, 0, 139, 350, 339, 4, 4.27%, 0, 0, 2, 198.08
1506970839, 0, 139, 453, 442, 4, 4.52%, 0, 0, 2, 202.64
1506970844, 0, 139, 461, 450, 4, 4.52%, 0, 0, 2, 196.62
1506970849, 0, 139, 467, 456, 4, 4.52%, 0, 0, 2, 198.86
1506970859, 0, 146, 467, 456, 48, 4.52%, 0, 0, 2, 210.69
1506970880, 0, 204, 467, 455, 47, 4.52%, 0, 0, 2, 222.60
1506971883, 0, 268, 467, 454, 46, 4.52%, 0, 0, 2, 214.46
1506971925, 0, 269, 467, 453, 45, 4.52%, 0, 0, 2, 249.87
1506971940, 0, 270, 467, 452, 44, 4.52%, 0, 0, 2, 219.33
1506971956, 0, 270, 489, 473, 43, 4.52%, 0, 0, 2, 110.84
1506971961, 0, 270, 580, 564, 43, 4.57%, 0, 0, 2, 200.43
1506971966, 0, 270, 638, 622, 43, 4.61%, 0, 0, 2, 148.35
1506971976, 0, 270, 641, 625, 43, 4.63%, 0, 0, 2, 127.22
1506971981, 0, 271, 641, 625, 52, 4.63%, 0, 0, 2, 175.90
1506972002, 0, 278, 641, 624, 51, 4.63%, 0, 0, 2, 233.63
1506972028, 0, 291, 641, 623, 50, 4.63%, 0, 0, 2, 199.90
1506972043, 0, 292, 641, 622, 49, 4.63%, 0, 0, 2, 162.52
1506972064, 0, 294, 641, 621, 48, 4.63%, 0, 0, 2, 216.36
1506972084, 0, 294, 655, 634, 47, 4.63%, 0, 0, 2, 40.60
1506972089, 0, 296, 655, 634, 50, 4.63%, 0, 0, 2, 226.96
1506972105, 0, 298, 655, 633, 49, 4.63%, 0, 0, 2, 224.37
1506972126, 0, 300, 655, 632, 48, 4.63%, 0, 0, 2, 205.13
1506972141, 0, 301, 655, 631, 47, 4.63%, 0, 0, 2, 145.72
1506972161, 0, 303, 655, 630, 46, 4.63%, 0, 0, 2, 178.39
1506972187, 0, 318, 658, 632, 45, 4.63%, 0, 0, 2, 211.36
1506988661, 0, 347, 658, 631, 44, 4.63%, 0, 0, 2, 181.04
1506988692, 0, 351, 658, 630, 43, 4.63%, 0, 0, 2, 126.21
1507018981, 0, 351, 659, 631, 43, 4.63%, 0, 0, 2, 141.92
1507053277, 0, 354, 659, 630, 42, 4.63%, 0, 0, 2, 165.83
1507053318, 0, 355, 659, 629, 41, 4.63%, 0, 0, 2, 169.54
1507053359, 0, 355, 712, 681, 40, 4.71%, 0, 0, 2, 99.70
1507053364, 0, 355, 771, 740, 40, 4.72%, 0, 0, 2, 139.88
1507053369, 0, 355, 838, 807, 40, 4.73%, 0, 0, 2, 125.29
1507053374, 0, 355, 900, 869, 40, 4.75%, 0, 0, 2, 126.21
1507053379, 0, 355, 914, 883, 40, 4.75%, 0, 0, 2, 91.10
1507053415, 0, 355, 915, 884, 40, 4.75%, 0, 0, 2, 67.28
1507053420, 0, 357, 915, 884, 59, 4.75%, 0, 0, 2, 143.85
1507053798, 0, 363, 915, 883, 58, 4.75%, 0, 0, 2, 72.45
1507135986, 0, 372, 915, 882, 58, 4.75%, 0, 0, 2, 122.69
1507136140, 0, 383, 915, 881, 57, 4.75%, 0, 0, 2, 101.79
1507136192, 0, 411, 915, 880, 56, 4.75%, 0, 0, 2, 157.64
1507136233, 0, 411, 920, 884, 55, 4.87%, 0, 0, 2, 60.55
1507136238, 0, 411, 977, 941, 55, 4.93%, 0, 0, 2, 94.21
1507136248, 0, 419, 977, 941, 67, 4.93%, 0, 0, 2, 123.12
1507136289, 0, 425, 977, 940, 66, 4.93%, 0, 0, 2, 76.11
1507136340, 0, 426, 977, 939, 65, 4.93%, 0, 0, 2, 107.63
1507136376, 0, 429, 977, 938, 64, 4.93%, 0, 0, 2, 159.11
1507136427, 0, 431, 977, 937, 63, 4.93%, 0, 0, 2, 177.97
1507136468, 0, 464, 977, 936, 62, 4.93%, 0, 0, 2, 163.22
1507136514, 0, 467, 977, 935, 61, 4.93%, 0, 0, 2, 155.08
1507136682, 0, 469, 977, 934, 60, 4.93%, 0, 0, 2, 159.07
1507136835, 0, 532, 977, 933, 59, 4.93%, 0, 0, 2, 118.90
1507180271, 0, 533, 977, 932, 58, 4.93%, 0, 0, 2, 133.20
1507180313, 0, 533, 993, 947, 57, 4.93%, 0, 0, 2, 100.89
1507180318, 0, 548, 993, 947, 58, 4.93%, 0, 0, 2, 133.23
1507206575, 0, 554, 993, 946, 58, 4.93%, 0, 0, 2, 116.73
1507206611, 0, 556, 993, 945, 57, 4.93%, 0, 0, 2, 88.22
1507206657, 0, 557, 993, 944, 56, 4.93%, 0, 0, 2, 147.28
1507206789, 0, 620, 993, 943, 55, 4.93%, 0, 0, 2, 114.72
1507206922, 0, 622, 999, 948, 54, 4.93%, 0, 0, 2, 85.27
